# t=5, base: F_2^4/0x13

target k values: 4 8 16 32 64
graph file=find-coefficient-binary-field-cpp/graph_data/5-5-12.dat graphs=330 c=12
using fixed graph_index=246/330
stage 1: base_k=4 base_poly=0x13 L=[[4], [1, 4], [2], [3]] attempts=10000000 exponent_bag_size=4 exponent_domain_size=3 threads=10 adaptive_sum_filter=on initial_sum_threshold=11
adaptive sum filter: final_threshold=9 accepted=10000000 rejected=0 updates=1
stage 1 selected graph_index=246 cost=57 coeffs=[(0, 0), (0, 1), (-1, 0), (0, -1), (0, -1), (0, -1), (0, 0), (-1, 0), (1, 0), (0, 0), (0, 1), (0, -1)] L=[[4], [1, 4], [2], [3]]
best (5,4,246) tot=57(48+9) seed=26428 coeffs=[(0, 0), (0, 1), (-1, 0), (0, -1), (0, -1), (0, -1), (0, 0), (-1, 0), (1, 0), (0, 0), (0, 1), (0, -1)] L=[[4], [1, 4], [2], [3]]
stage 2: cyclic L search for k=8 mode=reduced-L extra_ones=1..2 candidates=350 threads=10
best (5,8,246) tot=105(96+9) seed=26428 coeffs=[(0, 0), (0, 1), (-1, 0), (0, -1), (0, -1), (0, -1), (0, 0), (-1, 0), (1, 0), (0, 0), (0, 1), (0, -1)] L=[[6, 8], [1], [2], [3], [4], [5], [6], [7]]


# t=5, base: F_2^8/0x187

target k values: 8 16 32 64
graph file=find-coefficient-binary-field-cpp/graph_data/5-5-12.dat graphs=330 c=12
sampling graph_index uniformly from 1..330 during stage 1
stage 1: base_k=8 base_poly=0x187 L=[[8], [1, 2], [2, 8], [3], [4], [5], [6], [7]] attempts=10000000 exponent_bag_size=4 exponent_domain_size=3 threads=10 adaptive_sum_filter=on initial_sum_threshold=11
adaptive sum filter: final_threshold=5 accepted=10000000 rejected=0 updates=4
stage 1 selected graph_index=126 cost=106 coeffs=[(0, 0), (0, -1), (0, 0), (0, 0), (1, 0), (0, 1), (0, 1), (0, 0), (0, 0), (0, 0), (0, 0), (-1, 0)] L=[[8], [1, 2], [2, 8], [3], [4], [5], [6], [7]]
best (5,8,126) tot=106(96+10) seed=28918 coeffs=[(0, 0), (0, -1), (0, 0), (0, 0), (1, 0), (0, 1), (0, 1), (0, 0), (0, 0), (0, 0), (0, 0), (-1, 0)] L=[[8], [1, 2], [2, 8], [3], [4], [5], [6], [7]]
stage 2: cyclic L search for k=16 mode=reduced-L extra_ones=1..2 candidates=3390 threads=10
best (5,16,126) tot=197(192+5) seed=28918 coeffs=[(0, 0), (0, -1), (0, 0), (0, 0), (1, 0), (0, 1), (0, 1), (0, 0), (0, 0), (0, 0), (0, 0), (-1, 0)] L=[[1, 16], [1], [2], [3], [4], [5], [6], [7], [8], [9], [10], [11], [12], [13], [14], [15]]
stage 2: cyclic L search for k=32 mode=reduced-L extra_ones=1..2 candidates=29822 threads=10
best (5,32,126) tot=389(384+5) seed=28918 coeffs=[(0, 0), (0, -1), (0, 0), (0, 0), (1, 0), (0, 1), (0, 1), (0, 0), (0, 0), (0, 0), (0, 0), (-1, 0)] L=[[11, 32], [1], [2], [3], [4], [5], [6], [7], [8], [9], [10], [11], [12], [13], [14], [15], [16], [17], [18], [19], [20], [21], [22], [23], [24], [25], [26], [27], [28], [29], [30], [31]]
stage 2: cyclic L search for k=64 mode=reduced-L extra_ones=1..2 candidates=250110 threads=10
best (5,64,126) tot=773(768+5) seed=28918 coeffs=[(0, 0), (0, -1), (0, 0), (0, 0), (1, 0), (0, 1), (0, 1), (0, 0), (0, 0), (0, 0), (0, 0), (-1, 0)] L=[[21, 64], [1], [2], [3], [4], [5], [6], [7], [8], [9], [10], [11], [12], [13], [14], [15], [16], [17], [18], [19], [20], [21], [22], [23], [24], [25], [26], [27], [28], [29], [30], [31], [32], [33], [34], [35], [36], [37], [38], [39], [40], [41], [42], [43], [44], [45], [46], [47], [48], [49], [50], [51], [52], [53], [54], [55], [56], [57], [58], [59], [60], [61], [62], [63]]



# t=6, base: F_2^8/0x187

target k values: 8 16 32 64
sampling graph_index uniformly from 1..2147 during stage 1
stage 1: base_k=8 base_poly=0x187 L=[[8], [1, 2], [2, 8], [3], [4], [5], [6], [7]] attempts=10000000 exponent_bag_size=14 threads=20
stage 1 selected graph_index=1033 cost=152 coeffs=[(0, 1), (1, 0), (0, 0), (0, 0), (0, 0), (1, 0), (-1, 1), (0, 0), (0, 1), (-2, 0), (0, 0), (0, 0), (0, 0), (0, 0), (0, 2), (2, 0)]
best (6,8,1033) tot=152(128+24) seed=29935 coeffs=[(0, 1), (1, 0), (0, 0), (0, 0), (0, 0), (1, 0), (-1, 1), (0, 0), (0, 1), (-2, 0), (0, 0), (0, 0), (0, 0), (0, 0), (0, 2), (2, 0)] L=[[8], [1, 2], [2, 8], [3], [4], [5], [6], [7]]
stage 2: cyclic L search for k=16 mode=reduced-L extra_ones=1..2 candidates=3390 threads=20
best (6,16,1033) tot=268(256+12) seed=29935 coeffs=[(0, 1), (1, 0), (0, 0), (0, 0), (0, 0), (1, 0), (-1, 1), (0, 0), (0, 1), (-2, 0), (0, 0), (0, 0), (0, 0), (0, 0), (0, 2), (2, 0)] L=[[15, 16], [1], [2], [3], [4], [5], [6], [7], [8], [9], [10], [11], [12], [13], [14], [15]]

target k values: 8 16 32 64
graph file=find-coefficient-binary-field-cpp/graph_data/6-6-16.dat graphs=2147 c=16
sampling graph_index uniformly from 1..2147 during stage 1
stage 1: base_k=8 base_poly=0x187 L=[[8], [1, 2], [2, 8], [3], [4], [5], [6], [7]] attempts=100000000 exponent_bag_size=9 exponent_domain_size=5 threads=20 adaptive_sum_filter=on initial_sum_threshold=11
adaptive sum filter: final_threshold=10 accepted=100000000 rejected=0 updates=1
stage 1 selected graph_index=570 cost=148 coeffs=[(0, 0), (0, 0), (0, 0), (0, 2), (0, 0), (0, 0), (0, -1), (0, -2), (0, -1), (1, -2), (0, 0), (0, 0), (0, 0), (0, 0), (0, 1), (0, 0)] L=[[8], [1, 2], [2, 8], [3], [4], [5], [6], [7]]
best (6,8,570) tot=148(128+20) seed=27526 coeffs=[(0, 0), (0, 0), (0, 0), (0, 2), (0, 0), (0, 0), (0, -1), (0, -2), (0, -1), (1, -2), (0, 0), (0, 0), (0, 0), (0, 0), (0, 1), (0, 0)] L=[[8], [1, 2], [2, 8], [3], [4], [5], [6], [7]]
stage 2: cyclic L search for k=16 mode=reduced-L extra_ones=1..2 candidates=3390 threads=20
best (6,16,570) tot=276(256+20) seed=27526 coeffs=[(0, 0), (0, 0), (0, 0), (0, 2), (0, 0), (0, 0), (0, -1), (0, -2), (0, -1), (1, -2), (0, 0), (0, 0), (0, 0), (0, 0), (0, 1), (0, 0)] L=[[4, 16], [1], [2], [1, 3], [4], [5], [6], [7], [8], [9], [10], [11], [12], [13], [14], [15]]
stage 2: cyclic L search for k=32 mode=reduced-L extra_ones=1..2 candidates=29822 threads=20
best (6,32,570) tot=522(512+10) seed=27526 coeffs=[(0, 0), (0, 0), (0, 0), (0, 2), (0, 0), (0, 0), (0, -1), (0, -2), (0, -1), (1, -2), (0, 0), (0, 0), (0, 0), (0, 0), (0, 1), (0, 0)] L=[[21, 32], [1], [2], [3], [4], [5], [6], [7], [8], [9], [10], [11], [12], [13], [14], [15], [16], [17], [18], [19], [20], [21], [22], [23], [24], [25], [26], [27], [28], [29], [30], [31]]
stage 2: cyclic L search for k=64 mode=reduced-L extra_ones=1..2 candidates=250110 threads=20
best (6,64,570) tot=1034(1024+10) seed=27526 coeffs=[(0, 0), (0, 0), (0, 0), (0, 2), (0, 0), (0, 0), (0, -1), (0, -2), (0, -1), (1, -2), (0, 0), (0, 0), (0, 0), (0, 0), (0, 1), (0, 0)] L=[[21, 64], [1], [2], [3], [4], [5], [6], [7], [8], [9], [10], [11], [12], [13], [14], [15], [16], [17], [18], [19], [20], [21], [22], [23], [24], [25], [26], [27], [28], [29], [30], [31], [32], [33], [34], [35], [36], [37], [38], [39], [40], [41], [42], [43], [44], [45], [46], [47], [48], [49], [50], [51], [52], [53], [54], [55], [56], [57], [58], [59], [60], [61], [62], [63]]


# t=7, starting from k=16

target k values: 16 32 64
sampling graph_index uniformly from 1..2 during stage 1
stage 1: base_k=16 base_L=random-cyclic mode=reduced-L extra_ones=1..2 attempts=10000000 exponent_bag_size=36 exponent_domain_size=11 threads=20 adaptive_sum_filter=on
adaptive sum filter: final_threshold=20 accepted=10000000 rejected=0 updates=6
stage 1 selected graph_index=1 cost=376 coeffs=[(0, 0), (0, -1), (0, 0), (-1, 0), (0, -1), (0, 0), (0, -2), (0, 0), (0, 0), (2, 0), (-2, 0), (0, 0), (0, -3), (0, 1), (0, 0), (0, 0), (0, 1), (0, -3), (-2, 0), (0, 0), (0, -1)] L=[[13, 16], [1], [2], [3], [4], [5], [6], [7], [8], [9], [10], [9, 11], [12], [13], [14], [15]]
stage 2: cyclic L search for k=16 mode=reduced-L extra_ones=1..2 candidates=3390 threads=20
best (7,16,1) tot=376(336+40) seed=15513 coeffs=[(0, 0), (0, -1), (0, 0), (-1, 0), (0, -1), (0, 0), (0, -2), (0, 0), (0, 0), (2, 0), (-2, 0), (0, 0), (0, -3), (0, 1), (0, 0), (0, 0), (0, 1), (0, -3), (-2, 0), (0, 0), (0, -1)] L=[[13, 16], [1], [2], [3], [4], [5], [6], [7], [8], [9], [10], [9, 11], [12], [13], [14], [15]]
stage 2: cyclic L search for k=32 mode=reduced-L extra_ones=1..2 candidates=29822 threads=20
best (7,32,1) tot=692(672+20) seed=15513 coeffs=[(0, 0), (0, -1), (0, 0), (-1, 0), (0, -1), (0, 0), (0, -2), (0, 0), (0, 0), (2, 0), (-2, 0), (0, 0), (0, -3), (0, 1), (0, 0), (0, 0), (0, 1), (0, -3), (-2, 0), (0, 0), (0, -1)] L=[[21, 32], [1], [2], [3], [4], [5], [6], [7], [8], [9], [10], [11], [12], [13], [14], [15], [16], [17], [18], [19], [20], [21], [22], [23], [24], [25], [26], [27], [28], [29], [30], [31]]
stage 2: cyclic L search for k=64 mode=reduced-L extra_ones=1..2 candidates=250110 threads=20
best (7,64,1) tot=1364(1344+20) seed=15513 coeffs=[(0, 0), (0, -1), (0, 0), (-1, 0), (0, -1), (0, 0), (0, -2), (0, 0), (0, 0), (2, 0), (-2, 0), (0, 0), (0, -3), (0, 1), (0, 0), (0, 0), (0, 1), (0, -3), (-2, 0), (0, 0), (0, -1)] L=[[21, 64], [1], [2], [3], [4], [5], [6], [7], [8], [9], [10], [11], [12], [13], [14], [15], [16], [17], [18], [19], [20], [21], [22], [23], [24], [25], [26], [27], [28], [29], [30], [31], [32], [33], [34], [35], [36], [37], [38], [39], [40], [41], [42], [43], [44], [45], [46], [47], [48], [49], [50], [51], [52], [53], [54], [55], [56], [57], [58], [59], [60], [61], [62], [63]]

# t=7, base: F_2^8/0x187

target k values: 8 16 32 64
graph file=find-coefficient-binary-field-cpp/graph_data/7-7-21.dat graphs=2 c=21
using fixed graph_index=2/2
stage 1: base_k=8 base_poly=0x187 L=[[8], [1, 2], [2, 8], [3], [4], [5], [6], [7]] mode=manual
stage 1 selected graph_index=2 cost=214 coeffs=[(0, 0), (0, 0), (-4, 0), (0, 0), (0, -1), (0, -1), (0, -2), (0, 0), (0, 0), (5, 1), (0, 0), (0, 0), (0, 0), (-1, 0), (0, 0), (0, 0), (-4, 0), (1, 0), (2, -1), (0, 0), (0, 0)] L=[[8], [1, 2], [2, 8], [3], [4], [5], [6], [7]]
best (7,8,2) tot=214(168+46) seed=15079 coeffs=[(0, 0), (0, 0), (-4, 0), (0, 0), (0, -1), (0, -1), (0, -2), (0, 0), (0, 0), (5, 1), (0, 0), (0, 0), (0, 0), (-1, 0), (0, 0), (0, 0), (-4, 0), (1, 0), (2, -1), (0, 0), (0, 0)] L=[[8], [1, 2], [2, 8], [3], [4], [5], [6], [7]]



### Further optimization using MILP (only reduced case) ###

# t=5

best (5,4,246) tot=55(48+7) seed=26428 coeffs=[(0, 0), (0, 0), (-1, 0), (0, 0), (0, -2), (0, 0), (0, 0), (0, 0), (1, 0), (0, 0), (-1, 0), (0, -2)] L=[[4], [1, 4], [2], [3]]

best (5,8,246) tot=103(96+7) seed=26428 coeffs=[(0, 0), (0, 0), (-1, 0), (0, 0), (0, -2), (0, 0), (0, 0), (0, 0), (1, 0), (0, 0), (-1, 0), (0, -2)] L=[[6, 8], [1], [2], [3], [4], [5], [6], [7]]

# t=6

best (6,16,1033) tot=267(256+11) seed=29935 coeffs=[(0, 0), (0, 0), (0, 1), (0, 1), (0, 0), (1, 0), (-1, 1), (0, 0), (0, 1), (-1, 0), (0, 0), (0, 0), (0, 0), (0, 0), (0, 2), (2, 0)] L=[[15, 16], [1], [2], [3], [4], [5], [6], [7], [8], [9], [10], [11], [12], [13], [14], [15]]

# t=7

best (7,16,1) tot=374(336+38) seed=15513 coeffs=[(0, 0), (0, -1), (0, 0), (-1, 0), (0, -1), (0, 0), (0, -2), (0, 0), (0, 0), (2, 0), (-2, 0), (0, 0), (0, -3), (0, 1), (0, 0), (0, 0), (0, 1), (0, -3), (-1, 1), (0, 0), (0, 0)] L=[[13, 16], [1], [2], [3], [4], [5], [6], [7], [8], [9], [10], [9, 11], [12], [13], [14], [15]]

best (7,32,1) tot=691(672+19) seed=15513 coeffs=[(0, 0), (0, -1), (0, 0), (-1, 0), (0, -1), (0, 0), (0, -2), (0, 0), (0, 0), (2, 0), (-2, 0), (0, 0), (0, -3), (0, 1), (0, 0), (0, 0), (0, 1), (0, -3), (-1, 1), (0, 0), (0, 0)] L=[[21, 32], [1], [2], [3], [4], [5], [6], [7], [8], [9], [10], [11], [12], [13], [14], [15], [16], [17], [18], [19], [20], [21], [22], [23], [24], [25], [26], [27], [28], [29], [30], [31]]

best (7,64,1) tot=1363(1344+19) seed=15513 coeffs=[(0, 0), (0, -1), (0, 0), (-1, 0), (0, -1), (0, 0), (0, -2), (0, 0), (0, 0), (2, 0), (-2, 0), (0, 0), (0, -3), (0, 1), (0, 0), (0, 0), (0, 1), (0, -3), (-1, 1), (0, 0), (0, 0)] L=[[21, 64], [1], [2], [3], [4], [5], [6], [7], [8], [9], [10], [11], [12], [13], [14], [15], [16], [17], [18], [19], [20], [21], [22], [23], [24], [25], [26], [27], [28], [29], [30], [31], [32], [33], [34], [35], [36], [37], [38], [39], [40], [41], [42], [43], [44], [45], [46], [47], [48], [49], [50], [51], [52], [53], [54], [55], [56], [57], [58], [59], [60], [61], [62], [63]]
